[LEFT_CAM_2K]
cx=1097.83
cy=623.54
fx=1045.88
fy=1045.88
k1=-0.0423495
k2=0.0202798
k3=-0.00911609
p1=-0.000603006
p2=0.000843305

[LEFT_CAM_FHD]
cx=953.831
cy=542.54
fx=1045.88
fy=1045.88
k1=-0.0423495
k2=0.0202798
k3=-0.00911609
p1=-0.000603006
p2=0.000843305

[LEFT_CAM_HD]
cx=635.416
cy=359.77
fx=522.94
fy=522.94
k1=-0.0423495
k2=0.0202798
k3=-0.00911609
p1=-0.000603006
p2=0.000843305

[LEFT_CAM_VGA]
cx=332.708
cy=186.885
fx=261.47
fy=261.47
k1=-0.0423495
k2=0.0202798
k3=-0.00911609
p1=-0.000603006
p2=0.000843305

[RIGHT_CAM_2K]
cx=1128.2
cy=638.241
fx=1036.24
fy=1036.24
k1=-0.0459711
k2=0.0246258
k3=-0.00989501
p1=-0.000603006
p2=0.000843305

[RIGHT_CAM_FHD]
cx=984.202
cy=557.241
fx=1036.24
fy=1036.24
k1=-0.0459711
k2=0.0246258
k3=-0.00989501
p1=-0.000603006
p2=0.000843305

[RIGHT_CAM_HD]
cx=650.601
cy=367.121
fx=518.122
fy=518.122
k1=-0.0459711
k2=0.0246258
k3=-0.00989501
p1=-0.000603006
p2=0.000843305

[RIGHT_CAM_VGA]
cx=340.301
cy=190.56
fx=259.061
fy=259.061
k1=-0.0459711
k2=0.0246258
k3=-0.00989501
p1=-0.000603006
p2=0.000843305

[STEREO]
Baseline=120.061
CV_2K=-0.0045673
CV_FHD=-0.0045673
CV_HD=-0.0045673
CV_VGA=-0.0045673
RX_2K=0.00232505
RX_FHD=0.00232505
RX_HD=0.00232505
RX_VGA=0.00232505
RZ_2K=-0.000350125
RZ_FHD=-0.000350125
RZ_HD=-0.000350125
RZ_VGA=-0.000350125
