Left:
D = [-0.027535992486673037, -0.003139712392191137, 0.000275241200404596, -0.00041598576745861446, 0.0]
K = [262.66935507522373, 0.0, 333.28010545043657, 0.0, 263.89999679086884, 189.77915616300794, 0.0, 0.0, 1.0]
R = [0.9999493434432524, -0.003041448449640412, 0.009594797482834387, 0.0030106583538115975, 0.9999902777496003, 0.0032218539001429014, -0.009604503302360278, -0.0031928040349231495, 0.999948778447531]
P = [263.06969439222695, 0.0, 326.26363372802734, 0.0, 0.0, 263.06969439222695, 191.02817726135254, 0.0, 0.0, 0.0, 1.0, 0.0]

Right:
D = [-0.033662024382431585, -0.0005102616656431873, 0.0009484122394179339, -0.0023911612389509985, 0.0]
K = [261.6839479216798, 0.0, 339.94339904442626, 0.0, 263.4051535939244, 190.4838448220312, 0.0, 0.0, 1.0]
R = [0.9999433374301442, -0.0025543202200110117, 0.010334281652750356, 0.0025874534113906012, 0.9999915515453004, -0.0031940449068180755, -0.010326035730550848, 0.003220603396342102, 0.9999414986387228]
P = [263.06969439222695, 0.0, 326.26363372802734, -93.55696257506159, 0.0, 263.06969439222695, 191.02817726135254, 0.0, 0.0, 0.0, 1.0, 0.0]
self.T = [-0.3556155018664073, 0.0009084073396623642, -0.003675239004863148]
self.R = [0.9999996501262298, -0.00042087884929071763, -0.000722916601155697, 0.0004255097955027668, 0.9999793154547929, 0.006417756927297342, 0.0007202005498039955, -0.006418062289987653, 0.9999791446763328]
None
# oST version 5.0 parameters


[image]

width
672

height
376

[narrow_stereo/left]

camera matrix
262.669355 0.000000 333.280105
0.000000 263.899997 189.779156
0.000000 0.000000 1.000000

distortion
-0.027536 -0.003140 0.000275 -0.000416 0.000000

rectification
0.999949 -0.003041 0.009595
0.003011 0.999990 0.003222
-0.009605 -0.003193 0.999949

projection
263.069694 0.000000 326.263634 0.000000
0.000000 263.069694 191.028177 0.000000
0.000000 0.000000 1.000000 0.000000
# oST version 5.0 parameters


[image]

width
672

height
376

[narrow_stereo/right]

camera matrix
261.683948 0.000000 339.943399
0.000000 263.405154 190.483845
0.000000 0.000000 1.000000

distortion
-0.033662 -0.000510 0.000948 -0.002391 0.000000

rectification
0.999943 -0.002554 0.010334
0.002587 0.999992 -0.003194
-0.010326 0.003221 0.999941

projection
263.069694 0.000000 326.263634 -93.556963
0.000000 263.069694 191.028177 0.000000
0.000000 0.000000 1.000000 0.000000
