 
[LEFT_CAM_2K]
cx=1095.47
cy=615.222
fx=1061.52
fy=1061.52
k1=-0.042494
k2=0.0184955
k3=-0.00861262
p1=-0.000369795
p2=0.000381226

[LEFT_CAM_FHD]
cx=951.469
cy=534.222
fx=1061.52
fy=1061.52
k1=-0.042494
k2=0.0184955
k3=-0.00861262
p1=-0.000369795
p2=0.000381226

[LEFT_CAM_HD]
cx=634.235
cy=355.611
fx=530.76
fy=530.76
k1=-0.042494
k2=0.0184955
k3=-0.00861262
p1=-0.000369795
p2=0.000381226

[LEFT_CAM_VGA]
cx=332.117
cy=184.805
fx=265.38
fy=265.38
k1=-0.042494
k2=0.0184955
k3=-0.00861262
p1=-0.000369795
p2=0.000381226

[RIGHT_CAM_2K]
cx=1127.64
cy=627.403
fx=1052.38
fy=1052.38
k1=-0.0501438
k2=0.0281048
k3=-0.0113256
p1=-0.000369795
p2=0.000381226

[RIGHT_CAM_FHD]
cx=983.639
cy=546.403
fx=1052.38
fy=1052.38
k1=-0.0501438
k2=0.0281048
k3=-0.0113256
p1=-0.000369795
p2=0.000381226

[RIGHT_CAM_HD]
cx=650.319
cy=361.702
fx=526.19
fy=526.19
k1=-0.0501438
k2=0.0281048
k3=-0.0113256
p1=-0.000369795
p2=0.000381226

[RIGHT_CAM_VGA]
cx=340.16
cy=187.851
fx=263.095
fy=263.095
k1=-0.0501438
k2=0.0281048
k3=-0.0113256
p1=-0.000369795
p2=0.000381226

[STEREO]
Baseline=120.064
CV_2K=-0.00517504
CV_FHD=-0.00517504
CV_HD=-0.00517504
CV_VGA=-0.00517504
RX_2K=0.000102252
RX_FHD=0.000102252
RX_HD=0.000102252
RX_VGA=0.000102252
RZ_2K=-0.000283084
RZ_FHD=-0.000283084
RZ_HD=-0.000283084
RZ_VGA=-0.000283084

